fx: 1149.14
fy: 1148.8
cx: 519.816
cy: 501.403
has_dist_coeff: 1
dist_k0: -0.208338
dist_k1: 0.255488
dist_px: -0.000759999
dist_py: 0.00148439
dist_k2: -0.0024605
dist_k3: 0
dist_k4: 0
dist_k5: 0
img_width: 1000
img_height: 1002
