fx: 1149.68
fy: 1147.59
cx: 508.849
cy: 508.065
has_dist_coeff: 1
dist_k0: -0.194214
dist_k1: 0.240409
dist_px: -0.00274089
dist_py: -0.00161903
dist_k2: 0.00681998
dist_k3: 0
dist_k4: 0
dist_k5: 0
img_width: 1000
img_height: 1002
