fx: 1145.51
fy: 1144.77
cx: 514.968
cy: 501.882
has_dist_coeff: 1
dist_k0: -0.198384
dist_k1: 0.218324
dist_px: -0.00181336
dist_py: -0.000587206
dist_k2: -0.00894781
dist_k3: 0
dist_k4: 0
dist_k5: 0
img_width: 1000
img_height: 1002
